16.39
16.34
16.28
15.91
15.50
15.03
14.21
13.71
13.73
13.73
13.67
13.62
13.48
13.36
13.07
12.85
12.54
12.42
12.24
11.98
12.04
11.89
11.69
11.60
11.46
11.20
11.12
11.02
10.95
11.01
10.90
10.95
10.99
10.99
11.10
11.04
10.90
10.96
11.02
10.91
10.95
11.23
11.60
11.84
11.78
11.63
11.57
11.48
11.53
11.73
11.70
11.85
11.78
12.30
12.89
13.45
13.81
13.63
13.26
12.88
12.49
12.28
12.12
12.11
12.38
12.58
12.92
13.19
13.27
13.24
12.97
12.82
12.72
12.51
12.35
12.28
12.12
12.07
12.02
11.92
11.88
11.85
11.78
11.72
11.68
11.72
11.68
11.68
11.63
11.59
11.56
11.55
11.50
11.46
11.43
11.39
11.36
11.32
11.28
11.28
11.27
11.26
11.18
11.04
10.86
10.71
10.62
10.56
10.46
10.37
10.28
10.19
10.08
10.02
9.93
9.98
10.21
10.36
10.43
10.44
10.38
10.31
10.29
10.31
10.36
10.38
10.46
10.56
10.66
10.80
11.00
11.17
11.32
11.46
11.63
11.78
12.04
12.21
12.42
12.83
13.26
13.44
13.64
14.62
16.27
17.04
17.14
17.82
18.12
18.24
17.95
16.32
17.50
18.01
19.06
19.43
22.34
19.09
22.49
22.05
20.71
20.76
20.04
19.90
19.89
19.84
19.25
18.95
18.42
18.06
17.80
17.60
17.38
17.16
16.96
16.72
16.47
16.26
16.09
15.94
15.82
15.69
15.58
15.47
15.38
15.31
15.17
15.00
14.82
14.73
14.63
14.48
14.29
14.20
14.10
14.04
13.99
13.90
13.79
13.69
13.62
13.53
13.48
13.46
13.48
13.47
13.47
13.42
13.39
13.35
13.34
13.34
13.32
13.29
13.28
13.24
13.20
13.15
13.13
13.11
13.09
13.10
13.13
13.17
13.23
13.38
13.48
13.70
14.09
14.63
15.34
17.22
15.84
16.95
18.26
19.37
20.57
21.50
22.20
21.99
22.48
22.97
23.45
24.73
25.23
25.51
25.72
26.24
26.36
26.78
26.52
26.18
26.04
25.91
24.31
27.43
25.67
24.82
24.51
24.31
23.74
23.13
22.74
22.49
22.37
22.08
21.81
21.50
21.10
20.75
20.56
20.35
20.17
19.98
19.85
19.71
19.55
19.41
19.33
19.25
19.15
19.06
18.97
18.86
18.76
18.66
18.57
18.48
18.33
18.24
18.15
18.03
17.93
17.80
17.77
17.68
17.51
17.37
17.29
17.22
17.22
17.20
17.15
17.04
16.93
16.91
16.83
16.72
16.65
16.53
16.40
16.32
16.28
16.28
16.27
16.27
16.20
16.08
16.12
16.06
16.00
16.12
16.33
16.53
17.33
16.10
17.77
19.18
19.72
21.98
19.84
20.61
21.27
21.46
20.62
19.10
18.50
18.76
19.40
19.76
19.97
16.86
23.05
21.46
17.94
23.00
21.26
22.06
21.21
21.29
18.44
21.42
21.14
21.11
20.74
20.49
20.29
20.04
19.77
19.40
19.12
18.99
18.72
18.63
18.45
18.25
17.99
17.79
17.70
17.59
17.51
17.38
17.22
17.01
16.80
16.62
16.47
16.37
16.33
16.25
16.14
16.01
15.76
15.63
15.58
15.65
15.65
15.58
15.42
15.26
15.10
14.94
14.83
14.75
14.74
14.61
14.42
14.32
14.25
14.19
14.12
14.11
14.07
14.09
14.12
14.05
14.02
14.08
14.08
14.09
13.98
13.77
13.60
13.58
13.66
13.86
13.97
14.09
14.45
14.93
12.74
17.74
15.28
16.26
16.97
19.05
22.68
21.25
21.19
21.73
18.18
21.81
22.22
22.82
25.90
19.26
23.64
22.42
21.93
21.12
20.54
20.32
19.98
19.73
20.03
20.44
20.01
19.59
18.95
18.66
18.59
18.17
17.75
17.51
17.13
16.74
16.56
16.43
16.16
16.00
15.93
15.80
15.79
15.79
15.72
15.60
15.45
15.34
15.21
15.13
15.05
14.81
14.55
14.43
14.47
14.44
14.34
14.21
14.13
14.05
13.99
13.93
13.88
13.89
13.88
13.77
13.73
13.71
13.72
13.75
13.69
13.66
13.67
13.66
13.60
13.56
13.54
13.39
13.13
12.95
12.82
12.76
12.94
13.03
13.04
13.01
12.88
12.61
12.52
12.57
12.72
12.77
12.86
12.99
13.30
13.55
13.98
14.31
14.85
14.60
16.58
18.31
16.21
19.81
19.78
20.71
23.35
20.43
19.80
19.87
19.75
23.31
17.18
21.58
21.18
17.91
22.48
24.44
19.66
21.64
20.06
20.60
23.72
23.65
17.96
21.68
21.14
20.47
20.43
20.43
19.81
19.61
19.20
18.67
18.43
18.52
18.40
18.15
17.70
17.37
17.10
16.86
16.64
16.47
16.25
16.01
15.78
15.54
15.32
15.15
15.01
14.86
14.70
14.58
14.50
14.39
14.20
14.12
14.04
13.98
13.91
13.95
13.96
13.67
13.55
13.53
13.49
13.43
13.40
13.31
13.26
13.18
13.13
13.08
13.00
12.99
13.05
13.07
13.10
13.11
13.12
13.09
13.07
13.06
13.10
13.11
13.04
12.68
12.52
12.36
12.43
12.71
12.94
12.48
12.34
12.51
12.61
12.49
12.53
12.87
13.03
13.15
13.21
13.61
13.59
13.15
12.87
12.21
11.76
12.11
12.26
12.38
12.48
13.75
15.14
14.50
14.33
14.79
14.30
13.67
13.25
13.32
13.75
14.42
14.63
14.40
14.02
13.92
14.02
13.78
13.71
13.57
13.35
13.02
12.80
12.59
12.36
12.17
12.03
11.90
11.74
11.66
11.63
11.59
11.49
11.40
11.28
11.17
11.09
11.03
11.02
10.99
10.99
10.97
10.85
10.71
10.52
10.45
10.50
10.53
10.57
10.48
10.35
10.29
10.33
10.28
10.25
10.24
10.29
10.25
10.14
10.01
9.88
9.81
9.82
9.77
9.80
9.81
9.86
9.87
9.88
9.92
10.00
10.19
10.44
10.56
10.52
10.67
11.17
10.80
11.88
13.32
14.86
17.05
17.88
19.43
19.71
25.53
21.37
21.11
19.27
21.52
23.31
23.98
23.86
21.68
21.70
17.86
19.24
20.41
20.36
23.45
21.48
20.81
21.15
20.20
18.75
18.49
17.97
17.64
17.17
17.00
17.02
16.92
16.75
16.54
16.27
15.97
15.67
15.50
15.14
14.86
14.63
14.40
14.20
13.95
13.70
13.44
13.24
13.10
12.92
12.76
12.62
12.47
12.41
12.41
12.35
12.25
12.13
12.06
11.99
11.90
11.77
11.61
11.64
11.67
11.62
11.62
11.66
11.68
11.63
11.55
11.39
11.33
11.30
11.16
11.03
11.07
11.07
11.05
11.01
10.99
11.02
11.02
11.02
11.02
11.01
10.99
10.98
11.04
11.05
11.09
11.11
11.12
11.30
11.44
11.53
11.75
11.96
12.37
12.78
13.00
13.16
13.30
13.60
14.16
15.38
15.72
15.67
15.64
15.93
16.13
16.61
15.81
15.59
15.43
15.39
15.17
15.02
14.99
14.88
14.76
14.83
14.97
15.10
15.00
14.99
15.07
14.77
14.64
14.59
14.38
14.03
13.79
13.58
13.38
13.16
13.03
12.89
12.81
12.69
12.56
12.50
12.48
12.42
12.39
12.36
12.31
12.28
12.27
12.27
12.22
12.15
12.11
12.09
12.08
12.07
12.07
12.00
11.99
11.97
12.01
11.99
11.94
11.87
11.89
11.90
11.84
11.79
11.76
11.75
11.74
11.71
11.71
11.69
11.66
11.62
11.58
11.56
11.51
11.47
11.43
11.44
11.50
11.61
11.79
11.98
11.96
12.05
12.27
10.20
12.18
14.54
15.75
17.34
18.44
19.42
20.41
20.56
21.38
19.06
16.97
21.45
21.29
22.14
21.16
19.76
22.01
23.19
22.21
21.15
23.91
23.25
22.35
22.35
22.91
22.21
21.46
21.47
21.14
20.82
20.29
19.94
19.77
19.51
19.15
18.75
18.40
18.14
17.76
17.63
17.46
17.13
16.73
16.43
16.15
15.94
15.74
15.55
15.38
15.22
15.07
14.91
14.77
14.63
14.43
14.28
14.13
13.95
13.77
13.56
13.46
13.29
13.13
12.97
12.83
12.70
12.57
12.44
12.32
12.11
11.89
11.76
11.66
11.54
11.41
11.30
11.19
11.13
11.04
10.92
10.82
10.69
10.61
10.50
10.40
10.33
10.25
10.23
10.31
10.39
10.48
10.61
10.77
10.99
11.29
9.48
11.66
14.45
15.96
17.00
18.35
19.49
20.39
21.24
27.81
23.07
23.87
24.72
25.30
25.71
25.96
26.10
26.00
26.81
26.09
26.49
26.02
26.23
24.88
23.87
24.69
24.13
28.23
27.17
25.91
24.90
24.89
23.97
23.22
22.45
22.13
21.80
21.51
21.20
20.68
20.31
19.98
19.70
19.48
19.16
18.86
18.63
18.50
18.38
18.18
18.01
17.83
17.67
17.59
17.49
17.33
17.09
16.89
16.65
16.54
16.57
16.50
16.40
16.29
16.02
15.83
15.70
15.57
15.56
15.47
15.39
15.37
15.37
15.29
15.13
15.01
14.93
14.85
14.74
14.57
14.50
14.46
14.44
14.31
14.17
14.13
14.15
14.24
14.18
14.15
14.09
13.98
13.87
14.01
14.05
14.12
14.24
14.67
15.57
14.30
20.48
18.15
19.64
22.24
19.79
26.49
20.49
21.08
22.18
22.86
25.93
26.07
26.24
23.63
22.27
21.34
21.20
21.79
21.12
18.13
19.10
22.15
21.51
20.91
17.97
22.48
22.05
21.93
21.08
20.72
20.64
20.40
20.40
20.27
20.11
19.62
19.21
18.88
18.65
18.49
18.25
17.38
16.85
16.36
16.14
16.13
15.99
15.73
15.68
15.67
15.57
15.48
15.34
15.16
15.01
14.86
14.74
14.75
14.75
14.73
14.62
14.50
14.36
14.26
14.11
14.01
13.98
13.83
13.62
13.46
13.35
13.25
13.13
13.04
13.03
12.98
12.97
13.01
13.00
13.03
13.07
13.07
13.05
13.06
13.13
13.21
13.31
13.43
13.69
13.93
14.24
14.59
15.06
15.35
17.04
18.17
17.42
17.64
17.68
17.66
18.20
17.93
16.97
16.40
16.27
15.97
15.45
15.13
14.95
14.67
14.65
14.66
14.59
15.21
16.87
18.43
16.84
16.36
16.87
17.24
17.61
17.17
17.02
16.66
16.48
16.80
16.93
16.76
16.82
16.48
16.22
16.35
16.14
15.97
15.63
15.36
15.11
14.84
14.61
14.42
14.22
14.03
13.87
13.75
13.69
13.65
13.58
13.52
13.56
13.63
13.67
13.55
13.34
13.20
13.05
13.04
12.90
12.71
12.56
12.71
12.93
12.91
12.82
12.62
12.45
12.30
12.17
12.07
11.88
11.81
11.79
11.66
11.47
11.43
11.28
11.21
11.25
11.28
11.35
11.48
11.57
11.68
11.88
12.19
12.45
12.75
13.08
13.20
13.48
11.98
13.15
14.29
19.63
18.18
16.83
16.05
15.73
16.51
17.69
17.85
15.68
18.39
19.09
17.80
21.65
20.01
20.75
22.68
22.76
17.66
22.16
20.14
20.20
19.68
19.06
19.21
19.64
20.02
19.18
19.46
19.34
18.67
18.60
18.49
18.20
17.90
17.70
17.53
17.50
17.32
16.86
16.53
16.18
15.90
15.70
15.52
15.36
15.22
15.10
14.93
14.80
14.68
14.58
14.46
14.33
14.24
14.14
14.03
13.89
13.79
13.66
13.57
13.49
13.42
13.36
13.33
13.36
13.37
13.37
13.41
13.43
13.43
13.41
13.43
13.44
13.45
13.39
13.34
13.32
13.31
13.32
13.33
13.33
13.30
13.30
13.27
13.22
13.19
13.13
13.12
13.04
13.01
13.01
13.11
13.09
13.09
13.10
13.13
13.26
13.49
13.70
13.54
14.05
14.42
14.65
15.40
15.02
14.85
14.59
14.47
14.85
14.52
17.08
20.10
17.79
18.63
19.22
19.47
18.84
18.42
18.08
17.18
20.97
20.54
20.16
19.89
19.78
19.48
19.17
18.84
18.50
18.25
18.05
17.82
17.55
17.22
16.99
16.79
16.55
16.40
16.28
16.21
16.11
16.04
15.97
15.87
15.78
15.73
15.66
15.52
15.45
15.38
15.29
15.18
14.97
14.88
14.80
14.70
14.56
14.49
14.43
14.29
14.24
14.19
14.14
14.09
14.10
14.12
14.10
14.03
13.98
13.93
13.90
13.89
13.91
13.88
13.82
13.80
13.84
13.80
13.76
13.74
13.83
13.92
13.98
14.01
13.95
13.75
13.59
13.62
13.86
14.10
14.21
14.71
15.03
14.97
14.95
14.98
15.31
15.95
15.40
14.56
14.15
13.92
13.87
13.97
14.19
14.33
13.75
13.99
14.78
15.77
16.38
14.62
17.67
17.01
17.37
16.43
16.72
16.52
16.20
16.34
16.41
16.29
16.02
15.88
16.06
16.08
15.98
15.78
15.66
15.47
15.31
15.15
14.99
14.79
14.58
14.35
14.21
14.16
14.06
14.02
14.06
14.14
14.17
14.19
14.18
14.11
14.01
13.92
13.84
13.84
13.74
13.67
13.60
13.54
13.51
13.48
13.47
13.43
13.40
13.37
13.37
13.38
13.34
13.35
13.34
13.33
13.31
13.26
13.17
12.75
12.41
12.15
12.06
12.00
11.88
11.91
11.94
11.97
11.74
11.47
11.44
11.57
11.68
11.47
11.52
11.69
11.60
11.41
11.42
11.70
11.92
11.80
11.71
11.71
12.21
12.73
13.15
12.85
12.58
12.35
12.82
13.20
14.28
15.18
15.83
17.98
16.03
15.37
14.88
14.75
14.18
14.74
15.26
14.92
14.10
13.79
13.47
12.99
12.81
12.76
12.54
12.42
12.25
12.11
11.89
11.82
11.76
11.59
11.45
11.37
11.29
11.13
11.00
10.91
10.92
10.83
10.77
10.66
10.67
10.66
10.69
10.68
10.60
10.59
10.64
10.64
10.62
10.62
10.58
10.58
10.57
10.55
10.42
10.35
10.25
10.26
10.25
10.20
10.11
10.03
9.90
9.88
9.96
9.95
9.92
9.90
9.91
9.90
9.92
9.97
10.01
10.09
10.19
10.26
10.26
10.24
10.20
10.27
10.41
10.65
11.25
11.67
11.68
12.03
12.83
13.40
13.68
14.19
15.48
16.34
17.34
16.41
13.93
17.54
20.42
18.78
17.71
17.84
17.35
15.99
16.03
16.22
15.03
18.63
20.36
17.12
15.99
15.30
14.98
14.73
14.56
14.41
14.23
14.19
14.23
14.22
14.19
14.26
14.21
14.24
14.08
13.86
13.57
13.24
12.99
12.77
12.57
12.43
12.42
12.35
12.20
12.17
12.10
12.00
11.84
11.58
11.39
11.24
11.13
11.10
11.11
11.18
11.26
11.28
11.29
11.29
11.25
11.24
11.21
11.21
11.11
11.06
10.90
10.69
10.47
10.28
10.07
9.85
9.71
9.61
9.48
9.39
9.26
9.15
9.07
8.96
8.91
8.89
8.91
9.00
9.14
9.23
9.37
9.62
9.93
10.26
8.57
10.21
13.81
15.37
16.96
17.81
18.73
19.67
20.18
27.01
22.19
20.04
18.80
19.66
20.57
20.71
22.58
22.58
21.81
20.79
20.83
22.90
22.88
23.10
21.14
19.82
18.65
18.20
17.85
21.32
20.96
20.50
20.15
19.64
19.04
18.59
18.17
17.85
17.58
17.32
16.85
16.40
16.11
16.02
15.93
15.71
15.51
15.38
15.31
15.25
15.13
14.96
14.81
14.60
14.47
14.14
13.85
13.60
13.38
13.17
12.96
12.81
12.62
12.43
12.27
12.16
12.00
11.78
11.70
11.56
11.43
11.25
11.10
11.02
10.90
10.78
10.67
10.50
10.35
10.28
10.19
10.11
9.99
9.87
9.70
9.50
9.45
9.46
9.48
9.61
9.77
9.92
10.08
10.33
10.65
11.09
9.30
10.67
13.67
15.32
16.76
17.95
19.17
20.10
20.89
27.29
22.51
23.10
23.94
24.68
25.16
25.36
25.73
26.10
26.16
26.29
26.25
25.69
25.86
25.73
24.98
23.65
21.07
20.51
19.62
23.45
22.58
22.19
21.97
21.41
20.92
20.59
20.38
20.16
19.93
19.72
19.53
19.29
18.99
18.58
18.08
17.76
17.41
17.07
16.84
16.61
16.38
16.20
16.02
15.84
15.68
15.49
15.32
15.17
15.01
14.83
14.61
14.48
14.25
14.08
13.87
13.72
13.51
13.33
13.17
13.00
12.82
12.66
12.51
12.34
12.17
12.00
11.88
11.74
11.58
11.46
11.34
11.20
11.10
10.99
10.87
10.77
10.70
10.69
10.73
10.83
10.85
10.91
11.11
11.47
11.80
12.14
10.05
11.48
15.08
17.30
18.81
20.03
20.92
22.17
23.36
23.35
23.06
24.17
24.23
24.42
25.09
25.92
26.94
27.53
27.99
28.31
28.59
28.35
28.15
28.13
27.43
26.62
26.70
26.94
26.11
25.01
25.59
25.07
24.75
24.50
24.23
24.01
23.81
23.57
23.27
23.02
22.72
22.44
22.15
21.79
21.37
20.93
20.58
20.28
20.00
19.73
19.49
19.18
18.90
18.66
18.52
18.45
18.31
18.20
18.08
17.96
17.88
17.85
17.81
17.69
17.56
17.39
17.18
16.99
16.79
16.64
16.49
16.34
16.18
15.95
15.75
15.59
15.40
15.22
15.04
14.87
14.69
14.54
14.40
14.25
14.14
14.05
14.09
14.24
14.41
14.50
14.67
14.81
14.90
14.97
15.12
15.39
15.85
16.79
18.20
18.76
19.11
16.80
20.05
22.01
23.04
29.81
29.07
21.40
20.63
22.28
23.89
22.89
23.34
27.04
25.25
24.50
23.91
23.06
22.84
23.01
23.11
23.36
23.38
22.92
22.63
22.44
22.26
22.13
21.82
21.43
21.30
21.20
21.13
20.95
20.85
20.48
20.17
19.85
19.60
19.33
19.09
18.92
18.80
18.66
18.52
18.36
18.18
18.01
17.91
17.77
17.62
17.55
17.52
17.42
17.27
17.21
17.07
16.89
16.76
16.69
16.56
16.48
16.46
16.44
16.40
16.29
16.19
16.18
16.10
16.09
16.09
16.03
15.89
15.69
15.61
15.56
15.39
15.35
15.30
15.14
15.01
14.90
14.90
14.95
15.06
15.07
15.13
15.09
14.98
14.91
14.90
15.01
15.31
16.32
16.84
16.82
16.97
17.23
16.17
15.50
15.29
15.04
14.75
14.42
14.21
13.99
13.78
13.69
13.55
13.26
12.99
12.80
12.54
12.28
12.07
12.05
12.02
12.01
12.07
12.12
12.13
12.17
12.23
11.90
11.69
11.37
11.48
11.45
11.16
11.02
10.93
10.72
10.57
10.48
10.41
10.33
10.25
10.20
10.14
10.12
10.11
9.97
9.72
9.52
9.46
9.28
9.16
9.02
8.92
8.82
8.73
8.66
8.55
8.48
8.51
8.69
8.74
8.65
8.47
8.42
8.38
8.23
7.96
7.88
7.91
7.89
7.92
7.83
7.77
7.72
7.66
7.63
7.56
7.54
7.51
7.42
7.42
7.48
7.49
7.36
7.22
7.11
7.14
7.38
7.60
7.67
7.83
8.38
8.92
9.03
10.07
10.65
10.14
12.07
10.68
12.04
13.73
15.44
13.56
13.08
13.25
12.67
12.32
11.82
15.37
15.02
14.75
14.48
13.96
10.91
12.87
11.99
13.64
13.68
14.37
11.18
13.40
13.28
12.88
12.41
11.88
11.20
11.07
10.59
9.40
9.78
9.72
9.74
9.99
10.05
9.78
9.23
8.94
8.71
8.61
8.59
8.44
7.91
7.69
7.84
7.75
7.69
7.57
7.42
7.39
7.38
7.38
7.26
6.89
6.82
6.69
6.57
6.60
6.58
6.43
6.37
6.31
6.14
6.02
5.88
5.73
5.66
5.57
5.42
5.33
5.26
5.21
5.14
5.14
5.23
5.24
5.11
4.97
4.93
4.92
5.03
5.26
5.65
5.94
6.13
6.35
6.45
6.71
7.33
7.98
8.14
8.33
8.31
11.25
10.58
11.16
13.39
10.56
10.78
9.56
11.60
9.52
12.31
11.39
10.54
12.57
12.62
11.12
11.79
13.29
11.29
13.99
12.90
13.15
12.94
12.42
12.42
12.34
12.12
12.08
11.54
11.34
11.38
11.57
11.34
11.03
10.78
10.62
10.48
10.37
10.16
10.00
9.68
9.43
9.27
9.32
9.26
9.14
9.01
8.84
8.80
8.71
8.60
8.52
8.43
8.30
8.29
8.31
8.25
8.20
8.18
8.17
8.11
8.06
8.02
8.02
7.99
7.94
7.90
7.92
7.90
7.89
7.94
7.93
7.88
7.74
7.63
7.62
7.57
7.52
7.47
7.44
7.42
7.35
7.38
7.49
7.66
7.78
7.87
7.91
7.22
6.48
6.56
6.72
6.85
6.97
6.98
7.03
7.10
7.18
7.39
7.59
7.68
7.85
7.92
7.91
8.08
8.15
8.11
8.28
8.65
9.08
9.60
10.04
10.10
9.92
9.85
10.09
10.16
10.37
11.30
9.77
11.53
11.41
11.62
11.36
11.39
11.54
11.42
11.04
10.76
10.43
10.15
9.93
9.65
9.50
9.32
9.10
8.96
8.80
8.68
8.59
8.46
8.38
8.32
8.21
8.04
8.04
7.95
7.88
7.87
7.78
7.66
7.69
7.64
7.53
7.42
7.20
7.07
7.07
6.91
6.61
6.53
6.58
6.32
6.28
6.37
6.41
6.41
6.41
6.42
6.31
6.28
6.37
6.38
6.38
6.28
6.26
6.27
6.00
5.91
5.87
5.92
6.04
6.34
6.35
6.40
6.58
6.63
6.70
7.01
7.15
6.23
8.68
8.34
8.50
8.35
10.14
9.32
11.05
10.88
10.46
11.77
10.67
12.67
16.12
16.24
14.46
14.83
17.20
16.11
14.80
13.63
12.25
16.55
13.91
13.54
12.04
14.15
13.61
13.26
13.36
12.97
13.05
13.00
12.85
12.30
12.18
12.23
12.02
11.83
11.50
11.19
10.84
10.58
10.36
10.01
9.81
9.58
9.45
9.33
9.00
8.85
8.74
8.58
8.43
8.27
8.08
7.89
7.68
7.52
7.30
7.24
7.11
6.98
6.88
6.87
6.75
6.62
6.51
6.47
6.47
6.38
6.29
6.20
6.17
6.21
6.30
6.31
6.42
6.52
6.62
6.65
6.78
6.86
6.90
6.99
7.11
7.29
7.50
7.75
7.71
7.77
7.87
8.19
8.28
8.30
8.85
9.32
9.25
8.88
8.69
8.53
8.12
7.67
7.46
7.77
8.84
10.43
11.16
9.90
14.91
15.52
12.09
16.61
16.71
13.29
14.14
15.71
14.18
11.63
14.55
14.03
11.33
13.96
13.54
13.33
13.45
13.62
13.37
13.12
13.02
12.84
12.77
12.63
12.40
12.00
11.94
12.22
12.39
12.33
11.98
11.35
11.02
10.77
10.53
10.25
10.08
9.94
9.75
9.54
9.39
9.22
9.07
8.92
8.78
8.63
8.49
8.40
8.24
8.14
8.02
7.91
7.80
7.67
7.56
7.48
7.37
7.24
7.16
7.08
6.98
6.84
6.78
6.67
6.56
6.45
6.42
6.38
6.37
6.39
6.34
6.30
6.30
6.35
6.44
6.61
6.87
7.12
7.39
7.74
8.06
8.50
9.00
7.94
10.85
14.10
15.53
15.78
16.00
14.47
14.30
17.40
15.99
17.41
18.16
17.84
16.88
15.26
16.66
16.71
20.75
22.74
22.49
20.22
17.91
18.77
22.70
18.47
17.40
20.56
19.93
19.24
18.72
18.37
18.07
18.19
18.04
17.62
17.15
16.95
17.11
16.88
16.90
16.71
16.44
16.24
15.74
15.38
15.01
14.65
14.40
14.21
14.05
13.86
13.64
13.38
13.17
12.98
12.79
12.66
12.46
12.26
12.07
11.95
11.79
11.61
11.44
11.33
11.19
11.04
10.91
10.78
10.66
10.54
10.44
10.32
10.22
10.13
10.06
9.96
9.81
9.71
9.61
9.52
9.42
9.35
9.28
9.20
9.15
9.19
9.25
9.42
9.60
9.91
10.18
10.42
10.68
11.11
11.77
12.45
13.71
14.34
14.98
13.42
14.57
15.78
21.22
22.18
18.62
19.42
20.14
20.45
21.09
21.97
21.84
20.68
19.92
20.04
20.93
21.48
20.59
19.91
23.98
23.25
22.69
22.31
21.85
21.46
21.17
21.00
20.82
20.58
20.39
20.27
19.92
19.56
19.16
18.78
18.46
18.00
17.54
17.26
17.00
16.75
16.45
16.17
15.96
15.73
15.46
15.22
14.85
14.48
14.28
14.22
14.09
13.94
13.90
13.75
